version https://git-lfs.github.com/spec/v1
oid sha256:313cf8616759f166676d500cfd22c2a063c1f17059fe1241d18454aa23167bbb
size 1711000
